13
13 13 S
13 13 E
13 14 \
14 15 i
15 16 n
16 17 t
17 0 S
17 0 E
17 0 {
14 18 s
18 19 u
19 20 m
20 1 S
20 1 E
20 1 {
14 21 b
21 22 l
22 23 a
23 24 n
24 25 k
25 2 S
25 2 E
25 2 (
25 2 $
13 26 _
26 3 S
26 3 E
26 3 {
26 27 ^
27 4 S
27 4 E
27 4 {
13 28 ^
28 5 S
28 5 E
28 5 {
13 6 {
13 7 }
13 8 (
13 9 )
13 29 0
29 29 0
29 10 S
29 10 E
29 10 ^
29 10 _
29 10 \
29 10 (
29 10 )
29 10 }
29 10 A
29 10 $
13 30 A
30 30 A
30 30 0
30 11 S
30 11 E
30 11 ^
30 11 _
30 11 \
30 11 (
30 11 )
30 11 }
30 11 $
13 12 $
